initial_pose_x: 0.386315
initial_pose_y: 0.165527
initial_pose_a: 0.069915

